protein_id	true_label	predicted_label	correct	prob_0	prob_1	prob_2	prob_3	prob_4	prob_5	prob_6
ARD1_CAEEL	6	6	True	0.3705898918168168	0.05779366586809675	0.06593703021641228	0.015744583877428962	0.04904055255335687	0.026628733028174027	0.4142655426397143
ARF1_YEAST	4	4	True	0.07276478145058919	0.0603222235312506	0.08688374645420771	0.024840420530013164	0.6433671319992872	0.06532972990221489	0.04649196613243728
ARL1_CAEEL	4	4	True	0.174719695848211	0.055217587183124056	0.06437590613164677	0.022207094607746766	0.574494450865133	0.05323130472005248	0.05575396064408591
CDC42_CAEEL	3	2	False	0.07446689786510918	0.14531915070195833	0.2514339347004144	0.07584479445806785	0.19674576828613957	0.16876559691051865	0.08742385707779203
CDC42_DROME	3	2	False	0.07365395441610348	0.15018700742740634	0.25056491123089875	0.07617096327994392	0.1921489538769435	0.1682553760794422	0.08901883368926183
CDC42_YEAST	3	2	False	0.07865039534014541	0.15168676914968285	0.24222462124618147	0.0769040142120646	0.18852485438711908	0.17169152239798352	0.09031782326682312
MIRO1_MOUSE	6	6	True	0.07971441380786638	0.0864994823410599	0.0413639301441756	0.01801956318534541	0.05095311901552106	0.026048892244357462	0.6974005992616742
MIRO_CAEEL	6	6	True	0.11886211610883034	0.06984366022463552	0.03157417964183934	0.01486358334900723	0.04064970242339059	0.022280729426833228	0.7019260288254637
RAB17_MOUSE	0	0	True	0.4869677054797865	0.017440252036078744	0.4042257988808749	0.008817920368572062	0.017278026158095476	0.03378697061986688	0.031483326456725504
RAB18_MOUSE	2	2	True	0.18689437952747026	0.018363817747389644	0.7028093990175494	0.010678929794974052	0.029679783971711168	0.03702582643731976	0.014547863503585891
RAN2_ARATH	1	1	True	0.07639748479074747	0.6491142517312161	0.07257109530653683	0.023108810568828776	0.06167814201692266	0.03269398044288553	0.08443623514286258
RAN_DROME	1	1	True	0.06958478937793916	0.6482643647249673	0.0713075605629996	0.024241207728647424	0.07056741117859702	0.035565460186013545	0.08046920624083591
RBD2A_ARATH	2	2	True	0.029391677457908817	0.026687511222188102	0.8277801804087678	0.01541447727268441	0.040569062245335685	0.043798538780020414	0.016358552613094855
RHEB_YEAST	0	0	True	0.8997903333561906	0.010167553414339973	0.028888972835160155	0.004589093377612142	0.010269488798749657	0.018201493515760836	0.028093064702186504
ARL1_MOUSE	4	4	True	0.06060422534907843	0.04252565532365769	0.059953504562605175	0.061106421641544756	0.6867434890997101	0.04168630587210217	0.04738039815130172
IFT22_CAEEL	0	0	True	0.7449221997005041	0.03271473095045233	0.0522461586955588	0.00875954059521667	0.02744141020499058	0.018216511083531464	0.11569944876974603
RAB13_MOUSE	2	2	True	0.06909706350782928	0.018412789729346363	0.7687370418588395	0.03108199088059512	0.04024607468903965	0.056055435020924416	0.016369604313425705
RAB15_MOUSE	2	2	True	0.14229850505368635	0.021669072985790284	0.6624219480839607	0.03801544249204361	0.04682132912469492	0.05992515067761337	0.02884855158221061
RAB19_MOUSE	2	2	True	0.30439031099385055	0.018030679897442854	0.5756431366729049	0.015569165584650645	0.024842848376558493	0.0330158802231306	0.028507978251462108
RAB1A_MOUSE	2	2	True	0.03356032035227964	0.03447555427214542	0.7819542762334568	0.04832753599747331	0.044777847159042164	0.037176869927541316	0.019727596058061327
RAB7_ARATH	0	0	True	0.4233827245394916	0.029594067413631568	0.3844831392373949	0.035433227271911026	0.03364675777551768	0.05606868379533238	0.03739139996672068
RABL5_MOUSE	0	0	True	0.7991216106427792	0.03244251946220145	0.025552999281445277	0.010890847970937522	0.02773530896832988	0.0221944046073863	0.08206230906692019
RAN_CAEEL	1	1	True	0.04890135584202125	0.6826518018918329	0.058243666146680466	0.05035245887137929	0.06497681396845482	0.022651271553705693	0.07222263172592565
RAP1B_MOUSE	5	5	True	0.20959206497393623	0.04660919349243764	0.17596718503006656	0.10550939001605902	0.09544878670557534	0.3234975807393341	0.04337579904259094
RHEB1_CAEEL	0	0	True	0.74881678618204	0.023306359593979555	0.11043715414792997	0.011920076163069495	0.01459244212741343	0.04039960008705915	0.050527581698508406
RHEB_DROME	0	0	True	0.6619959214751852	0.029440625038960014	0.0731271049444493	0.038892612140063496	0.0427391459614446	0.10800238109484217	0.04580220934505521
SRPB_YEAST	0	0	True	0.6533592071535246	0.04392556625102489	0.02856998195219252	0.013819525085419032	0.055754611680098605	0.023426001348009824	0.1811451065297303
YPT7_YEAST	0	0	True	0.5491483124996414	0.02353877946634571	0.25232809242300447	0.024309825748683588	0.04358724125150681	0.064737965047566	0.04234978356325198
ARF1_MOUSE	4	4	True	0.052381759866468584	0.08290675078920456	0.11891380172169767	0.10133419864568216	0.5419524641017882	0.04549414806401434	0.05701687681114459
ARL1_DROME	4	4	True	0.11568453906247951	0.05871260591727001	0.08595243859957796	0.06783082390064918	0.5674976806928628	0.04229215171829512	0.062029760108865475
ARL1_YEAST	4	4	True	0.11818607823558436	0.05347960462072359	0.07771426458264052	0.07320773744539504	0.5756579887047212	0.040584456880914055	0.061169869530021174
GEM1_YEAST	6	6	True	0.22526323403056936	0.05056702470998394	0.03310357685123645	0.020960544474886763	0.025926935857127572	0.014530944423821097	0.6296477396523747
MIRO1_ARATH	6	6	True	0.1337373056687874	0.058430422357362115	0.031513989981687994	0.032353828200226094	0.0340160126288794	0.016329872490609753	0.6936185686724472
MIRO2_ARATH	6	6	True	0.13616844898832223	0.05967956397350818	0.03096788138683941	0.031517128424182764	0.03482595412460365	0.016020668654599328	0.6908203544479444
Q18246_CAEEL	5	2	False	0.22486576637266276	0.034574628833972484	0.35917021145553635	0.09060445701465442	0.09051059537789723	0.1631500958071169	0.03712424513815993
RAB1B_MOUSE	2	2	True	0.028845552757463658	0.03348864229872418	0.789891234973032	0.053420681380460036	0.04621449149384967	0.029032256283007745	0.019107140813462705
RAB7B_MOUSE	0	0	True	0.7193141063189349	0.020234479776290584	0.14692856940430274	0.02083915146755526	0.028973719629975372	0.03468520703023769	0.029024766372703743
RAB7L_MOUSE	0	0	True	0.7814457458825333	0.013536966502167075	0.13088680126780508	0.00896829558733778	0.01653086419029079	0.019076515279408457	0.029554811290457526
RAN3_ARATH	1	1	True	0.060658176676466204	0.6861107725813045	0.05743549787067495	0.05358406260427605	0.04624972557319028	0.021025948856243742	0.07493581583784416
RAP1A_MOUSE	5	0	False	0.27502586717615946	0.05546800185208967	0.19880704048836575	0.12914617670584352	0.09496477407311266	0.1994792516525892	0.04710888805183971
RBL2A_MOUSE	0	0	True	0.6029810076866768	0.0451975896380018	0.19821969411022985	0.017271301077568323	0.028631084021775482	0.02144736228851798	0.08625196117722961
REBL1_MOUSE	0	0	True	0.7420770806978971	0.0284251878231558	0.05646933717714801	0.03456718680087272	0.04280105667770966	0.05830707647539612	0.03735307434782027
CDC42_MOUSE	3	3	True	0.05175050745506595	0.10769400744743624	0.1621749485869318	0.35035266804517357	0.14320776228835508	0.11226469535881689	0.07255541081822049
GSP2_YEAST	1	1	True	0.061621584574638046	0.6453110042467355	0.06638872373638487	0.05234252742894251	0.06015860698995756	0.02967660029062154	0.08450095273271994
O18332_DROME	2	2	True	0.046002473296268276	0.035490852694666286	0.7546584387925631	0.04656103097212017	0.04536817190528337	0.05131688583510672	0.020602146503992082
Q9UAQ6_CAEEL	2	2	True	0.040863344646200346	0.04207157270860069	0.735534767152486	0.05083299475566445	0.05601358373382939	0.05153352966760921	0.02315020733560977
RAB10_MOUSE	2	2	True	0.08760062048845281	0.030190144291206963	0.7086396840785677	0.03700435247929021	0.05330167954643572	0.065084150284848	0.018179368831198653
RAB18_CAEEL	2	2	True	0.3219676108487972	0.03205565752072379	0.5044244857619141	0.02871848302421452	0.03902900664302957	0.048341264213604615	0.02546349198771632
RABL3_MOUSE	0	0	True	0.8089578811018121	0.024225021530834227	0.030623079764857283	0.00929231291142776	0.015958553937163965	0.018765348090761108	0.09217780266314377
RAN_MOUSE	1	1	True	0.05293074668274097	0.6346128601627282	0.0663047394253922	0.06040592594315838	0.07249453120024363	0.030661232048214037	0.08258996453752268
RHEB_MOUSE	0	0	True	0.710153059936967	0.025542994978449824	0.06519134331662296	0.028048204333761033	0.03729487904135506	0.10497398503086725	0.028795533361977117
SRPRB_MOUSE	0	0	True	0.433427536393505	0.08045800981629635	0.06402411471048924	0.02239350084323228	0.09792641899986566	0.02853461499760922	0.27323580423900234
TRI23_ARDF1_MOUSE	6	6	True	0.16405394159867043	0.06421367549179416	0.10047881744318038	0.0356095149433657	0.06997275109746433	0.02922694868181095	0.536444350743714
YPT32_YEAST	2	2	True	0.08528518472149466	0.025845192933432105	0.7740005260748799	0.027385635666994312	0.024996429881680153	0.03855634006998554	0.02393069065153347
YPT53_YEAST	0	0	True	0.5233006135474362	0.017804840863440623	0.3517923496520147	0.014878962274721939	0.019829574581001354	0.036033094184409475	0.03636056489697561
YPT6_YEAST	2	2	True	0.2374924975950383	0.02253035215770799	0.6213795189952872	0.017368538741724285	0.02852535597922669	0.04324541041826473	0.029458326112750746
ARF1_ARATH	4	4	True	0.04393590102227026	0.0815168348790464	0.11947629511993332	0.10436164720005262	0.5420934855432782	0.057135127129050736	0.051480709106368434
ARF1_DROME	4	4	True	0.04578068441918765	0.07693338669414086	0.11064877874662847	0.09442999225258025	0.565965321971983	0.05503517471945389	0.051206661196025925
GSP1_YEAST	1	1	True	0.07284639898537885	0.6423175226625197	0.05625125233464506	0.06302557036067444	0.05423837437782623	0.026883021546973498	0.08443785973198219
MIRO2_MOUSE	6	6	True	0.09350255862365259	0.0853008488067267	0.028287328146963227	0.045909690542150335	0.04416085287298693	0.022670349276778516	0.6801683717307417
MIRO3_ARATH	6	6	True	0.17111997815717864	0.056286307197593845	0.02647366323035175	0.02540195075931742	0.03124450443004254	0.01678092470795027	0.6726926715175656
MIRO_DROME	6	6	True	0.10667033465791144	0.07769750316190939	0.028534435589232552	0.03621970410289953	0.037422569717295524	0.020119367629355525	0.6933360851413961
RAB14_MOUSE	2	2	True	0.047932852751522474	0.05103121272106174	0.7502948015419748	0.05500277393103618	0.029847164364519386	0.0385695957388224	0.027321598951063
RAB7A_MOUSE	2	0	False	0.42974741252605425	0.049328551107051734	0.3184612848772418	0.05846082522794289	0.03451266865964762	0.0756787262953561	0.03381053130670574
RAN1_ARATH	1	1	True	0.08557821775836703	0.6441992475599408	0.05211426936424674	0.05887406302982143	0.04966957731743319	0.026370524324971854	0.08319410064521895
RAS3_DROME	5	5	True	0.18327245248513785	0.047620656778778185	0.20301939292648497	0.1245109225630709	0.08581367474188006	0.3163081801995248	0.039454720305123314
RAYL_MOUSE	0	0	True	0.8445285730739813	0.01922159958173213	0.014751184237460272	0.01344137392741241	0.029536734717786076	0.029719745312669542	0.048800789148957996
RSR1_YEAST	2	2	True	0.27671846257254695	0.03578377354395096	0.4893131945570289	0.0314324075780208	0.022931675653942468	0.04101109543928139	0.10280939065522869
YPT1_YEAST	2	2	True	0.045430328968947574	0.026990187846946904	0.7662428821356981	0.05106571335521138	0.048132888593272395	0.03986587405664377	0.02227212504327973
